[gd_scene load_steps=6 format=2]

[ext_resource path="res://Car-2.tscn" type="PackedScene" id=1]

[sub_resource type="CubeMesh" id=1]
size = Vector3( 100, 2, 100 )

[sub_resource type="BoxShape" id=2]
extents = Vector3( 50, 1, 50 )

[sub_resource type="CubeMesh" id=3]
size = Vector3( 20, 2, 60 )

[sub_resource type="BoxShape" id=4]
extents = Vector3( 10, 1, 30 )

[node name="Main test" type="Node"]

[node name="Floor body" type="StaticBody" parent="."]

[node name="MeshInstance" type="MeshInstance" parent="Floor body"]
mesh = SubResource( 1 )
material/0 = null

[node name="CollisionShape" type="CollisionShape" parent="Floor body"]
shape = SubResource( 2 )

[node name="Slope body" type="StaticBody" parent="."]
transform = Transform( 1, 0, 0, 0, 0.916712, 0.399549, 0, -0.399549, 0.916712, 0, 19.6268, -4.73834 )

[node name="MeshInstance2" type="MeshInstance" parent="Slope body"]
transform = Transform( 1, 0, 0, 0, 0.681743, -0.731592, 0, 0.731592, 0.681743, 0, 21.6597, -69.4799 )
mesh = SubResource( 3 )
material/0 = null

[node name="CollisionShape" type="CollisionShape" parent="Slope body"]
transform = Transform( 1, 0, 0, 0, 0.681743, -0.731592, 0, 0.731592, 0.681743, 0, 21.66, -69.48 )
shape = SubResource( 4 )

[node name="DirectionalLight" type="DirectionalLight" parent="."]
transform = Transform( 0.642788, 0.766044, 0, -0.766044, 0.642788, 0, 0, 0, 1, -150, 150, 0 )
shadow_enabled = true

[node name="Car-2" parent="." instance=ExtResource( 1 )]
transform = Transform( 1, 0, 0, 0, 1, 0, 0, 0, 1, 0, 1.11679, 0 )
